161.13892715140727
170.46016217012487
179.29328766535633
187.4303369075422
194.7453330791196
201.24594195085666
207.08681790082454
212.52710331248133
217.85566293709087
223.31376353046377
229.0359570418383
235.03805617786958
241.2587552359024
247.62262590705905
254.1017783904745
260.77826773769897
267.89314821683945
275.8368960409603
285.0559631876341
295.8840565167535
308.3603485382488
322.1217414749085
336.4302181277355
350.322696100813
362.8242670364718
373.1536535243853
380.8466171693838
385.76577032343437
388.0246258058652
387.8682651147843
385.5449521667128
381.20806505473746
374.8841267681581
366.51610247479664
356.0597307555846
343.59755124218975
329.4263390892947
314.0746934858319
298.24570567844114
282.707638030433
268.16723166594306
255.16230767562774
244.0022736291617
234.7670620754127
227.3600489198285
221.59060935163473
217.25499799821958
214.19249187514163
212.30657186459177
211.5507208708226
211.88272491628697
213.21015974533395
215.3798779586709
218.21542293042347
221.56493085880538
225.33655038882068
229.51463893268544
234.15134862008108
239.33889870681938
245.16647598500248
251.68458449255718
258.89442503704953
266.74569487898594
275.1197977168331
283.79562628277415
292.42271473351155
300.5291374274465
307.5545259710757
312.89910790346863
315.9926953962171
316.37457361667884
313.763787354624
308.1037598145909
299.5709246086634
288.54615967682577
275.55176077627823
261.16859323376025
245.96344780401813
230.44852511094564
215.08766515908175
200.33197576492267
186.64433164916545
174.4825914041234
164.24234971585622
156.18497126911984
150.38203360572868
146.700415454655
144.83320091470034
144.36145689317095
144.8269622902332
145.8027290352739
146.9497061109894
148.04614896847755
148.99904793278452
149.83524114000795
150.66828716031426
151.65376847777628
152.95535348130906
154.72526691241814
157.09272810406262
160.1555733633017
163.9732861185208
168.55969549484416
173.8965686444347
179.9729674237573
186.81916846341227
194.4988827348729
203.05256115625977
212.40858668862143
222.30624835968416
232.27667478832979
241.69612254165895
249.8898494077029
256.25860924303925
260.3923883317593
262.1361666754942
261.58941941650227
259.04908269410646
254.91002816840603
249.55133418222817
243.2493968400076
236.15119056402648
228.31752614222034
219.80795401603854
210.75805593935524
201.41073793506754
192.09395433735284
183.1622578215067
174.9256639001627
167.5908307064716
161.23451600883647
155.81789093748833
151.24233474877246
147.42647675929274
144.38297748207015
142.2703835304613
141.3901875027451
142.11114814187937
144.74653109155457
149.43930847991396
156.10310711403625
164.4345013884177
173.98385982308204
184.25757471565362
194.8194843784016
205.3543343896718
215.6705613014792
225.6452500822113
235.14376674791356
243.94604391359582
251.70730784844815
257.9761656748259
262.2774127738196
264.23012277430837
263.6513381515835
260.60702573732976
255.3977876815306
248.4910476726703
240.42543070503325
231.71662527543035
222.79481759424627
213.99182329839937
205.56768879294924
197.75160197894144
190.78048616301902
184.92213843179144
180.46896624842793
177.69848820014906
176.81908694502044
177.9249428615604
180.9733761194031
185.79287424073905
192.1176391775433
199.63200895959426
208.0078277603198
216.93530738677845
226.14273159363097
235.39671462546696
244.49136898410828
253.23172688574806
261.41676206948216
268.83779209284205
275.2970020177157
280.63425917629354
284.7460435720353
287.58886942280634
289.177707890427
289.59035909664055
288.9771676529543
287.56379270271066
285.62709515977133
283.4481314063214
281.2701932734431
279.271728447064
277.55403607479656
276.1410857309768
274.986018139026
273.98534281817086
273.00213057756935
271.90278047906224
270.60267987956615
269.09053236474466
267.40867952368524
265.5993336754614
263.65180392864136
261.47987031390664
258.9344447489883
255.8390319971458
252.0322686428985
247.40619018616772
241.93515622584155
235.6903160995516
228.83387783015587
221.59085208900555
214.20309724426897
206.88403500756726
199.79576894777847
193.058124102362
186.78303859037493
181.11093136619368
176.2286970538564
172.36394284172508
169.75732586789854
168.6229712382758
169.10746783331376
171.2544675623557
174.98228762464163
180.08221251060277
186.28803101762787
193.40448001006453
201.4099221572812
210.4559598834732
220.77227809378735
232.5334378008296
245.74575286359334
260.18849303662773
275.4166207146764
290.81565931131456
305.68794981837095
319.3488840679161
331.21657267895966
340.8797994904693
348.134696475405
352.96691920630656
355.48273241563123
355.8271445393318
354.13085818725807
350.49664405125606
345.0125712495675
337.7806841392472
328.9513793206322
318.7514534907929
307.4930283043419
295.55993547233993
283.3762539607569
271.3647091240854
259.90722067022386
249.31758573431358
239.81093229258698
231.47980894248013
224.29987737327025
218.17367378343278
212.993817876215
208.7125288702482
205.39364851273004
203.21474827906138
202.4091477359123
203.1784453795933
205.6155262003625
209.66321547078755
215.11767468929833
221.66818835900278
228.95235124238826
236.60767111313118
244.31544827205755
251.83468775758158
259.01445565090796
265.7778744855228
272.07339219836973
277.81293580609133
282.8390480464165
286.94737270552446
289.9499173685816
291.751482234687
292.4053741429783
292.1183384659148
291.19887661031044
289.97222796004263
288.69827977973193
287.503286101521
286.33900183138536
284.9906915370806
283.1454540641627
280.49949060817977
276.8614324691343
272.21007874290706
266.68710194508316
260.5345682013814
254.00594328332704
247.2919720340807
240.49276607476324
233.6379395034891
226.73270530226011
219.80234285812824
212.916373384591
206.1837923760288
199.72587803468593
193.6394101609724
187.9661891072544
182.68141575772944
177.710630832101
172.97446316282566
168.44688360750268
164.19705889538082
160.38838268422063
157.23269265335523
154.92497706637542
153.59301484414317
153.28047417116255
153.959167147772
155.56022553908235
158.0081515819762
161.25202094737278
165.28418265371715
170.1407388726316
175.87344444903698
182.4924987390851
189.89824591523455
197.84245425026108
205.9514827553384
213.80488082453297
221.02443266590527
227.3287104589682
232.53835819715212
236.54957364022408
239.30026910444815
240.7470204760858
240.85299372963175
239.58831692069884
236.94293353019498
232.94969957312327
227.71713464043458
221.46552636773913
214.54352275553563
207.4026959181536
200.52868216558124
194.3612919589516
189.2354948596933
185.3587984289888
182.817175968871
181.59230719541077
181.5882423872797
182.6743175864563
184.7349361786994
187.70445537633233
191.56808269862847
196.32207722064456
201.91003570147944
208.1728983780137
214.8416979916134
221.5899902619821
228.11410173377323
234.19597574157845
239.72196425108388
244.67667376443563
249.13839124644954
253.2684969038261
257.2949448397087
261.48095441563044
266.069314274922
271.21098277438955
276.9061205428804
282.98427231300445
289.129334781146
294.93716983793024
299.9795238878903
303.8733587092168
306.3539765032831
307.3248412898229
306.84834555107676
305.0771171539277
302.1645566293178
298.1861032368205
293.10212963690793
286.78215883085704
279.0832500663011
269.9474427914298
259.4736211065404
247.9361345359618
235.74998322085182
223.399798211343
211.34831373769163
199.94814144083762
189.39649019557834
179.75163638098195
170.9954116624756
163.10905720256864
156.12717911563504
150.14485773612333
145.27966877930783
141.61344383400484
139.14413193526784
137.76853544803555
137.2973317405448
137.49106186178807
138.10207161509467
138.9120535496475
139.75969859122029
140.5820311506946
141.46618928335073
142.67113033346936
144.5825250316135
147.6076959623035
152.05949295473363
158.07973554000444
165.6138390925618
174.42355301424644
184.12372818916145
194.2406895638307
204.28407101895914
213.81281381324578
222.49042146501958
230.12275880094134
236.64190277537307
242.03199797563212
246.2459983528629
249.16882790204033
250.64293296225918
250.5302895169586
248.7725606911976
245.44834711541426
240.8214480428739
235.35209719360086
229.6475302739662
224.36649075707226
220.12007224018308
217.3868396184709
216.45520926593144
217.40688287707195
220.1418952914841
224.4294301149876
229.97310080363087
236.48407500585233
243.73892613007305
251.59828563845366
259.957016275499
268.6536056662206
277.4054193743459
285.8055760834917
293.3672279490138
299.58441884424616
303.9941659148053
306.2300070644709
306.06002208437553
303.4065645821969
298.3472651073772
291.09262099910103
281.9428746536121
271.2427188441406
259.3521154116818
246.63742797921043
233.46866098399192
220.20888543046075
207.20577625350904
194.79819758096025
183.32937810946967
173.14582824022432
164.5730832988596
157.8760008891456
153.22539069034107
150.6893223137406
150.26311054319075
151.91656732027582
155.61795939027235
161.3156672942709
168.89188286574714
178.11707732180764
188.63077742326908
199.95601857028132
211.54317836136232
222.8327716078915
233.32204157676335
242.61867918743474
250.46939676059912
256.7537900555306
261.4464887096116
264.55783662199843
266.0776893763401
265.9521386986247
264.10544590670577
260.4943392248705
255.1657929499904
248.29180258323288
240.16649818553554
231.1710325800972
221.72305355297476
212.23556738376797
203.09431985350886
194.64642185610248
187.19348707637863
180.9872020421273
176.2242943082431
173.0487194080815
171.56295388415413
171.83763682627216
173.90579123694266
177.74100787374624
183.2293010602881
190.14775771562742
198.14818218025584
206.7488504601282
215.3360570794319
223.1903215350713
229.5538429269458
233.73294965902292
235.20665701733304
233.7080187416334
229.2515434607028
222.1029635321579
212.7098124486817
201.62013017879278
189.4109584919934
176.63540723783422
163.78750351243536
151.28300851205586
139.45469038271878
128.56831759561334
118.85102628167127
110.5124412778411
103.74321140067906
98.69066601387429
95.42752392980877
93.93032119467689
94.07178023709986
95.62718843051941
98.29370324695574
101.72059927435718
105.55125848720735
109.46935780688092
113.23483049507567
116.70030920466371
119.80080431875555
122.52583526053127
124.88816509452536
126.90138737125099
128.571133813253
129.89482141303085
130.8662687282473
131.50587702957426
131.91565597944356
132.3274056818616
133.1068785946683
134.7008631665724
137.54257983929446
141.94667361727056
148.02695202305625
155.66329415695782
164.5209852574964
174.11246433106334
183.88333244715034
193.30068604008903
201.92603859681446
209.46111442534155
215.7437900333473
220.69503451317541
224.25016576127507
226.31717566372805
226.7821188538063
225.55398669590616
222.62316621212062
218.10441591527734
212.24475220798539
205.3966157543294
197.96767834395618
190.36279243916465
182.9338193897834
175.95473494862182
169.62713797405135
164.10340168129983
159.5087957309011
155.9505071561611
153.50628040570803
152.1955037966999
151.94801254903837
152.5919745467115
153.8728857092408
155.49866824616768
157.2101792801368
158.86223662779986
160.4808911695587
162.2658558389544
164.5233661523962
167.55035880849272
171.52071705806637
176.4216543961175
182.05586524416097
188.10693882997285
194.23953579814298
200.191292848311
205.82368629699786
211.12031136976464
216.14488538006418
220.9640172863569
225.55667940482138
229.75267255626264
233.2423614139829
235.65843568712734
236.68513647250498
236.13932266783723
233.9964392979926
230.3702850326323
225.4661606432035
219.53021579015206
212.81175181211916
205.54341338801785
197.93834643162972
190.1980024165349
182.52483707510757
175.1300102018363
168.22909333175534
162.0185628130397
156.64446331224946
152.19288652256225
148.7595948199006
146.57195973789297
146.07105216731844
147.87195686614223
152.59807915462628
160.65854111445924
172.06567322287327
186.3663649216063
202.70455952609936
219.9780063862832
237.03344949845425
252.8460192371379
266.64388151656783
277.96112395257427
286.62261942606887
292.6748849213677
296.29990860331765
297.7460111133919
297.29520773219525
295.26263813654276
292.0296186549763
288.09261384180377
284.0844002828829
280.73926871867127
278.8116293245442
278.9711320189552
281.70958334852116
287.29254964426934
295.76775230802093
307.00866578777016
320.72957807501314
336.4456260469199
353.42927120192076
370.72605257354195
387.2524734368209
401.9262347034233
413.7748549407763
422.0089777466545
426.07027372160337
425.6640641279328
420.78814635501817
411.74667010018834
399.1223070624526
383.69459443761036
366.3266511688928
347.85643145814015
329.02026183880787
310.4139600260178
292.48253221459515
275.52635419200465
259.716069864706
245.1130694178055
231.698112942039
219.40571119664259
208.15276329975006
197.84240242393065
188.34419505284654
179.47933108239545
171.0342215904236
162.79545383438605
154.61904855321376
